2133 Opembe Movine M 19 90 80 87 85 85 82 72 71 64 62 60 838 A 78
2254 Ouma Douglas M 20 90 80 89 78 75 74 65 64 64 80 90 849 A 77
2258 Suleimani Musa M 21 90 90 80 79 70 80 78 79 76 79 90 891 A 81
2142 Nyongesa Allan M 19 90 80 70 76 75 74 90 80 97 76 86 894 A 74
2129 Kairu John M 20 90 80 70 76 60 78 89 80 90 76 90 879 A 79
6985 Otaigo Geofrey M 19 89 90 97 85 82 80 90 89 80 85 95 962 A 84
2143 Muthusi Andrew M 20 90 90 80 97 98 96 97 90 98 97 97 1030 A 88
2147 Karani Vivian F 20 90 90 80 87 90 80 97 96 95 87 93 985 A 82
2127 Mwangi Samson M 19 90 80 79 89 90 98 97 89 89 89 97 987 A 81
2144 Ote Ian M 21 90 80 70 90 89 96 95 94 93 90 97 984 A 82
2141 Agure Kenny M 19 90 80 90 91 80 70 76 89 85 91 76 918 A 76
2148 Mokaya Benedict M 20 90 80 87 86 85 86 90 89 87 89 90 959 A 79
2251 Odiwuor Billy M 19 90 90 89 97 65 74 73 72 71 70 89 880 A 80
2134 Mutai Albert M 20 80 90 97 98 98 76 65 74 75 75 73 901 A 74
2245 Jackson Asiligwa M 21 90 80 89 70 79 70 89 96 87 84 82 916 A 78
2252 Otieno Philip M 19 90 98 90 70 76 75 74 73 65 65 64 840 B 68
145894 Gisairo Emmanuel M 20 90 98 97 97 96 95 97 90 98 97 97 1052 A 88
2149 Bitengo Daniel M 19 80 90 97 95 96 93 92 94 92 90 68 987 A 79
2247 Moriasi Richard M 20 80 87 85 84 82 90 80 70 76 65 65 864 A 72
147067 Koech Gregory M 19 90 90 98 86 78 90 76 75 78 90 98 949 A 79
2255 Oluga Joy F 20 90 97 99 98 96 85 84 83 82 98 80 992 A 82
2257 Onguka Steven M 21 90 90 89 90 97 95 78 74 73 98 90 964 A 81
2163 Ng'elechei Werner M 19 90 90 80 79 70 80 78 79 76 79 90 891 A 75
2250 Aswani Melanie F 20 87 85 86 89 80 80 80 78 89 89 80 923 A 76
2256 Omondi Felexs M 19 90 80 87 80 90 95 93 75 76 70 74 910 A 75
2161 Kinyanjui Mitchelle F 21 90 80 89 78 75 74 65 64 64 80 90 849 A 72
2140 Mwangangi Denis M 19 90 89 80 89 70 56 67 78 78 65 62 824 A 68
2130 Thuku Allan M 20 90 80 87 85 85 82 72 71 64 62 60 838 A 70
146124 Namatsi Ismael M 19 90 98 97 97 96 95 97 90 98 97 97 1052 A 87
145919 Mutai Brian M 20 90 90 89 97 65 74 73 72 71 70 89 880 B 73
2238 Bagaka Mercy F 19 78 77 76 88 98 90 85 84 88 88 80 932 A 77
2131 Masore Gregory M 20 90 90 80 97 98 96 97 90 98 97 97 1030 A 86
2259 Odayo Jemuel M 21 90 80 87 86 85 86 90 89 87 89 90 959 A 80
147243 Mwangi Alvin M 20 90 80 87 85 85 82 72 71 64 62 60 838 A 76
2128 Wambui Ryan M 19 90 80 89 78 75 74 65 64 64 80 90 849 A 78
2135 Omae Geoffrey M 21 90 90 80 79 70 80 78 79 76 79 90 891 A 80
2160 Gitonga Nicole F 20 90 80 70 76 75 74 90 80 97 76 86 894 A 82
2239 Machani Franky M 19 90 80 70 76 60 78 89 80 90 76 90 879 A 75
2150 Tsikhutsu Shijenje M 20 89 90 97 85 82 80 90 89 80 85 95 962 A 84
146408 Kinda Melisa F 19 90 90 80 97 98 96 97 90 98 97 97 1030 A 89
2155 Karani Timothy M 20 90 98 97 97 96 95 97 90 98 97 97 1052 A 91
2154 Chilumo Linus M 19 80 90 97 98 98 76 65 74 75 75 73 901 A 78
2159 Audi Brian M 21 90 80 89 70 79 70 89 96 87 84 82 916 A 80
2126 Githui Allan M 20 90 98 90 70 76 75 74 73 65 65 64 840 B 73
147166 Ibrahim Yasir M 19 90 90 89 97 65 74 73 72 71 70 89 880 A 76
2156 Kipruto Emmanuel M 20 90 90 80 97 98 96 97 90 98 97 97 1030 A 86
2242 Kipngetich Brian M 21 90 80 87 86 85 86 90 89 87 89 90 959 A 80
2246 Kibet Emmanuel M 19 90 80 87 85 85 82 72 71 64 62 60 838 A 76
2240 Chege Gathuru M 20 90 80 89 78 75 74 65 64 64 80 90 849 A 78
2253 Majur Lewis M 21 90 90 80 79 70 80 78 79 76 79 90 891 A 80
146266 Mafabi Angelo M 19 90 80 70 76 60 78 89 80 90 76 90 879 A 75
2137 Kamau Lyn F 20 90 80 87 85 85 82 72 71 64 62 60 838 A 76
146088 Osewe Jaydene M 21 90 80 89 78 75 74 65 64 64 80 90 849 A 78
2164 Kimathi Mark M 19 90 90 80 79 70 80 78 79 76 79 90 891 A 80
2058 Wambaya Raynord M 20 90 80 87 86 85 86 90 89 87 89 90 959 A 80
2230 Muasa Francis M 21 90 80 87 85 85 82 72 71 64 62 60 838 A 76
2249 Simiyu Marion F 19 90 80 89 78 75 74 65 64 64 80 90 849 A 78
2165 Ogola Emmanuel M 20 90 80 87 85 85 82 72 71 64 62 60 838 A 76
146225 Ayuel Ayuong M 21 90 80 89 78 75 74 65 64 64 80 90 849 A 78
2158 Onsombi Brian M 19 90 80 89 78 75 74 65 64 64 80 90 849 A 78
2157 Jatieno Victor M 20 90 80 87 85 85 82 72 71 64 62 60 838 A 76
145862 Bahuya Marvin M 21 90 80 89 78 75 74 65 64 64 80 90 849 A 78
144557 Maina Wilfred M 19 90 80 89 78 75 74 65 64 64 80 90 849 A 78
2146 Owilla Jordana F 20 90 80 87 85 85 82 72 71 64 62 60 838 A 76
2139 Aziz Hamida F 21 90 80 89 78 75 74 65 64 64 80 90 849 A 78
2132 Odhiambo Luigi M 19 90 80 89 78 75 74 65 64 64 80 90 849 A 78
147231 Arol Agoth M 21 90 80 87 85 85 82 72 71 64 62 60 838 A


